32 29
22 31
17 36
11 38
8 35
9 24
12 18
21 9
26 7
31 10
33 16
28 24
19 48
17 52
13 64
13 67
8 75
7 77
6 79
55 11
55 13
51 18
47 23
43 29
38 35
33 41
30 45
27 49
23 54
20 58
16 63
35 12
36 13
22 31 17 36
17 36 11 38
11 38 8 35
8 35 9 24
9 24 12 18
12 18 21 9
21 9 26 7
26 7 31 10
31 10 33 16
33 16 28 24
28 24 19 48
19 48 17 52
17 52 13 64
13 64 13 67
13 67 8 75
8 75 7 77
7 77 6 79
55 11 55 13
55 13 51 18
51 18 47 23
47 23 43 29
43 29 38 35
38 35 33 41
33 41 30 45
30 45 27 49
27 49 23 54
23 54 20 58
20 58 16 63
35 12 36 13
