37 33
4 21
6 16
13 9
21 7
28 9
31 18
33 28
31 40
27 63
20 89
20 97
35 23
38 19
42 13
44 11
48 9
61 10
67 13
70 20
72 30
70 52
67 79
64 99
64 101
76 23
79 18
82 15
96 13
103 15
107 20
112 30
112 54
110 66
106 106
106 109
16 96
18 98
4 21 6 16
6 16 13 9
13 9 21 7
21 7 28 9
28 9 31 18
31 18 33 28
33 28 31 40
31 40 27 63
27 63 20 89
20 89 20 97
35 23 38 19
38 19 42 13
42 13 44 11
44 11 48 9
48 9 61 10
61 10 67 13
67 13 70 20
70 20 72 30
72 30 70 52
70 52 67 79
67 79 64 99
64 99 64 101
76 23 79 18
79 18 82 15
82 15 96 13
96 13 103 15
103 15 107 20
107 20 112 30
112 30 112 54
112 54 110 66
110 66 106 106
106 106 106 109
16 96 18 98
