33 27
59 4
53 6
50 10
47 14
42 22
37 30
31 42
36 41
48 28
51 24
54 20
58 10
58 6
31 43
27 47
22 51
17 52
13 54
10 54
19 45
18 47
19 48
20 50
36 49
38 49
33 52
23 52
22 54
16 66
11 74
9 81
5 83
3 82
59 4 53 6
53 6 50 10
50 10 47 14
47 14 42 22
42 22 37 30
37 30 31 42
31 42 36 41
36 41 48 28
48 28 51 24
51 24 54 20
54 20 58 10
58 10 58 6
31 43 27 47
27 47 22 51
22 51 17 52
17 52 13 54
13 54 10 54
19 45 18 47
19 48 20 50
36 49 38 49
38 49 33 52
33 52 23 52
22 54 16 66
16 66 11 74
11 74 9 81
9 81 5 83
5 83 3 82
